  -4.000  -0.2193   0.01133   
  -3.000  -0.1425   0.01108   
  -2.000  -0.0842   0.01101   
  -1.000  -0.0286   0.01100   
   0.000   0.0197   0.01099   
   1.000   0.0901   0.01117   
   2.000   0.1693   0.01150   
   4.000   0.3402   0.01256   
   5.000   0.4268   0.01337   
   6.000   0.5106   0.01438   
   7.000   0.5922   0.01574   
   8.000   0.6719   0.01733   
   9.000   0.7524   0.01913   
  10.000   0.8244   0.02154   
  11.000   0.8867   0.02468   
  12.000   0.9494   0.02776   
  13.000   1.0004   0.03224   
  14.000   1.0910   0.03683   